-1.5706323822352548
-1.015180273852076
-1.5703059872004648
1.0765869776394705
-0.05272023280593352
0.0009820024159292728
-1.5696522434565683
2.552514866986547
-1.5693246563288827
0.001635586205173567
1.5725958287392299
0.0019632925421486647
-1.5686692436549325
-0.034282131991114184
-0.19494049151870207
1.2568360726025443
-1.5680140693995614
0.00294537941483064
-1.5676886280390878
0.0032712366108338387
1.5742311012607555
1.5743953936642523
1.574559686067749
0.4687254793851192
-0.6371087272975107
2.5197454253819327
-1.566378994784083
3.6252983371403555
-1.566052838167872
0.004907862111229733
1.5758685623903315
1.2997944513943533
1.5761948126044611
0.30614180962112947
0.6469276110318045
-0.4589075585219522
-1.564742728075709
3.4319841424610953
-1.564416809878077
0.006542678517524436
1.577502166913126
0.006872371831212476
1.5778333489459495
0.8912969879482429
0.2047606269505362
3.6082745353367667
1.5784859234143536
0.007852928540904358
-1.5627800663325448
0.008178704479012922
1.5791374752905707
-0.5793723305079599
1.579465559744511
0.0088368217137198
0.06254060665634675
2.0841786424305777
1.580120394998465
4.257605628171239
1.580459026680563
0.00982832123083277
-1.5608023842188974
-0.3445940454814096
-1.5604907711360116
0.9169520298626761
-0.04289965232345061
-0.8013652404162546
-1.5598308285090585
3.2279045144703726
-1.5595108707759042
0.011450248831186727
1.5824113684382777
0.011779862516794637
-1.5588516434046884
0.5734829465535025
-0.18511991103621916
2.4449728886273245
-1.5581995685908456
0.012763933339391187
-1.5578746040675302
0.013085378860358432
1.584045361788247
-1.3374067982051034
1.584375507259045
0.4785436206173639
-0.6272882660243173
2.4712370793011527
-1.5565625866267343
-1.5564007004115243
-1.5562388141963144
0.014720808309737876
1.5856804308157901
1.4668045128372054
1.5860092640530805
0.8544604341175894
0.6567462245610098
-0.44909016688796477
-1.5549265583369394
2.7081397334721427
-1.5546058853480478
0.01635731855896516
1.587320522465978
0.016691641011510328
1.5876616789635758
2.996791319051061
0.2145776311543326
4.122918442883764
1.588308016830359
0.017671344862554506
-1.55296532710525
0.01799112471309705
1.588947576531444
1.3268442014839987
1.589283856624041
0.018661216893468335
0.07236297527817293
-0.45292965968581633
1.5899902685221772
3.0249619046833853
1.5903016301479678
0.01968393387762113
-1.5509337623927255
0.7186528603222708
-1.5508026321742197
-0.4606126983973642
-0.033078237375940844
0.020617560544286206
-1.5500606735560556
2.320865468182836
-1.549697800478663
0.021263276287589505
1.592224353053842
0.021585022160087064
-1.549054308733668
2.484288648762975
-0.17529444297286467
2.7864369908955435
-1.548418207964625
0.022575096287999585
-1.548087282976832
0.022890952476535276
1.5938691879299025
-1.2279433449122568
1.5941989264127354
0.48836377269146247
-0.6174713810298105
2.9094522754338126
-1.5467254360530038
-1.5236460407588144
-1.5464412411067148
0.024520852663789228
1.5954829464342932
3.2484768191960196
1.595797593766127
1.131173973963831
0.6665503541615347
-0.43928001721831755
-1.5451103885981698
0.05520267883804841
-1.5448059280726572
0.026169018880699113
1.5971439658340554
0.02650959888962312
1.5975099867817502
0.21393878857162996
0.22440178791550203
0.6492477218296866
1.5981250135835747
0.027488166527126268
-1.5431486805293222
0.02782789623853965
1.5988044730064015
2.4673178950932364
1.5990207279708724
0.028472975888524488
0.08217926422623201
0.8408285799112658
1.5994778955962996
3.739895657696996
1.6001619743790965
0.029433141523275808
-1.5412956913325448
4.2866822044041495
-1.5408796509120126
-0.13356976111861663
-0.023259087404932544
0.030420855679784253
-1.5399307449671884
0.9940887252476553
-1.5399071415278573
0.031062869415853456
1.6020328803595643
0.031396893845174745
-1.5392390926692148
2.4014118472721915
-0.165465041002955
4.005962208905492
-1.5384828289363046
-1.538384004435267
-1.5382851799342294
0.032714248695645765
