0.31622752
0.007979938
0.007979938
0.10108
0.636989
0.6360763
0.041671533
2.721536e-08
0.14684068
0.39191484451293945
0.636989
0.3920227587223053
0.14705653
9.81022e-08
0.21622452
4.1577383e-08
0.03721025
0.21202573
0.094063625
0.10878713428974152
0.123510644
0.12340778112411499
0.12330491
0.1410253345966339
0.15874577
1.1361106e-07
0.040674683
7.611615e-08
0.07338224
0.07101506739854813
0.06864789
4.4230468e-08
0.033279326
1.9587187e-08
0.113390364
0.09501983225345612
0.07664931
8.374581e-08
0.06650611
0.05504836142063141
0.04359061
0.090868786
0.014711036
0.043393272906541824
0.07207551
7.622586e-08
0.04067546
0.06453727185726166
0.08839909
0.05715622380375862
0.025913358
1.5792464e-08
0.005503791
0.07067609
0.057908878
6.859114e-08
0.0030515753
1.08684276e-07
0.007054786
0.00693917740136385
0.006823569
4.070186e-08
0.0027610045
9.606073e-08
0.049000118
0.02667699195444584
0.0043538646
6.041416e-08
0.019153534
0.04008102789521217
0.06100852
0.043598636984825134
0.026188754
9.818509e-08
0.043245904
8.286914e-08
0.008215509
0.04893024
0.022623474
0.027322791516780853
0.03202211
4.5293444e-08
0.034169767
0.04043050482869148
0.046691243
4.95049e-08
0.01262357
0.018267713487148285
0.023911858
0.023649055510759354
0.023386251
8.462637e-08
0.011809172
5.4309645e-08
0.04177692
0.035507649183273315
0.029238375
1.7501422e-07
0.026200313
0.021948080509901047
0.017695846
0.03741808
0.006141671
5.7730464e-08
0.030890828
1.4808661e-07
0.017867472
0.02880418673157692
0.0397409
0.025823747739195824
0.011906594
9.299196e-08
0.002581351
0.033479862
0.027696775
9.260748e-08
0.0014867809
1.6826411e-07
0.00349805
0.003469043644145131
0.0034400374
1.16100125e-07
0.0014142497
1.4810585e-07
0.025481151
0.030291386
0.0022971393
3.1092816e-07
0.010245302
0.021656343713402748
0.033067387
0.023721255362033844
0.014375123
3.1507253e-07
0.02402703
2.3337816e-07
0.0046178834
0.02765793
0.012858952
0.015627965331077576
0.01839698
5.4930376e-07
0.019833932
0.023603210225701332
0.027372489
4.4088355e-07
0.0074717514
2.4350038e-07
0.014284055
0.014189211651682854
0.0140943695
8.3642014e-08
0.0071785143
0.016392812132835388
0.02560711
0.02183639071881771
0.018065672
2.899579e-07
0.016314926
0.013708380982279778
0.011101837
0.023561055
0.0038814049
3.0281183e-07
0.019659458
1.9678711e-07
0.01144895
0.018541160970926285
0.025633374
0.01668139547109604
0.0077294167
2.9303604e-07
0.0016864123
0.021936541
0.018202083
0.009592491202056408
0.0009828999
6.891416e-07
0.0023253644
0.0023126653395593166
0.002299966
5.345732e-07
0.00095043186
7.7451176e-07
0.017218238
0.020522026
0.0015603965
1.6073245e-07
0.006993134
0.014837464317679405
0.022681795
0.01629420928657055
0.009906624
1.3380392e-07
0.01663526
1.5846264e-07
0.0032116892
0.006097342818975449
0.008982996
0.01094452291727066
